0
0
4096
40960
65536
53248
0
0
0
8192
61440
61440
36864
24576
0
0
0
20480
65536
4096
0
0
0
0
0
32768
65536
57344
20480
0
0
0
0
45056
65536
53248
61440
12288
0
0
0
4096
12288
0
45056
49152
0
0
0
0
0
8192
53248
40960
0
0
0
0
4096
57344
61440
12288
0
0
0
0
45056
65536
32768
0
0
0
0
24576
65536
45056
53248
36864
0
0
0
28672
65536
0
36864
65536
0
0
0
8192
61440
49152
65536
65536
12288
0
0
0
20480
28672
28672
65536
16384
0
0
0
0
0
20480
65536
20480
0
0
0
12288
28672
65536
45056
0
0
0
0
53248
65536
45056
4096
0
0
